6.026071906089782715e-01 2.727222144603729248e-01 6.251400113105773926e-01
5.000000000000000000e-01 5.000000000000000000e-01 5.000000000000000000e-01
5.733277797698974609e-01 3.559274077415466309e-01 6.442700028419494629e-01
4.072184860706329346e-01 3.490919470787048340e-01 6.412050127983093262e-01
2.343001961708068848e-01 3.653992414474487305e-01 6.139400005340576172e-01
1.268299967050552368e-01 4.299896359443664551e-01 5.888050198554992676e-01
3.642523884773254395e-01 8.312960267066955566e-01 4.191649854183197021e-01
1.319240480661392212e-01 9.358472228050231934e-01 3.468900024890899658e-01
1.684400066733360291e-02 9.877402782440185547e-01 3.107500076293945312e-01
-7.176359742879867554e-02 1.018058776855468750e+00 3.139950037002563477e-01
3.538311421871185303e-01 8.327521681785583496e-01 3.465400040149688721e-01
7.258035242557525635e-02 8.199727535247802734e-01 2.199500054121017456e-01
-8.500920236110687256e-02 8.150759935379028320e-01 1.461050063371658325e-01
-1.034948006272315979e-01 7.399532794952392578e-01 1.396300047636032104e-01
3.524188101291656494e-01 8.184230327606201172e-01 2.938050031661987305e-01
1.001830995082855225e-01 7.697988748550415039e-01 2.000299990177154541e-01
3.207724913954734802e-02 7.102038264274597168e-01 1.520549952983856201e-01
7.419825345277786255e-02 6.498307585716247559e-01 1.539800018072128296e-01
3.657596111297607422e-01 7.678679227828979492e-01 2.447099983692169189e-01
1.341460496187210083e-01 7.501636743545532227e-01 1.552899926900863647e-01
1.718569546937942505e-01 6.702859401702880859e-01 1.790249943733215332e-01
2.178843468427658081e-01 5.876489877700805664e-01 2.196999937295913696e-01
