4.538031816482543945e-01 2.834611535072326660e-01 5.194475650787353516e-01
5.010272860527038574e-01 5.004038214683532715e-01 5.011821985244750977e-01
3.773678839206695557e-01 3.597768247127532959e-01 5.118387937545776367e-01
2.497269809246063232e-01 5.109733343124389648e-01 4.681187868118286133e-01
1.246545463800430298e-01 6.503098607063293457e-01 4.071731567382812500e-01
8.055602759122848511e-02 7.445711493492126465e-01 3.866204023361206055e-01
4.302302896976470947e-01 7.107157707214355469e-01 4.813671410083770752e-01
3.216274082660675049e-01 8.203608393669128418e-01 4.200287759304046631e-01
2.757430970668792725e-01 8.532314300537109375e-01 3.993203938007354736e-01
2.649020254611968994e-01 8.734680414199829102e-01 4.188334047794342041e-01
5.443039536476135254e-01 6.833590269088745117e-01 4.856908619403839111e-01
4.927091598510742188e-01 9.241176843643188477e-01 4.488438665866851807e-01
4.549111127853393555e-01 9.972782731056213379e-01 4.359380602836608887e-01
4.462100565433502197e-01 9.978843331336975098e-01 4.341828823089599609e-01
6.327286362648010254e-01 6.370136737823486328e-01 4.924379885196685791e-01
5.897178053855895996e-01 8.519302606582641602e-01 4.560687839984893799e-01
5.400959849357604980e-01 9.612285494804382324e-01 4.234637618064880371e-01
5.253995060920715332e-01 9.890924692153930664e-01 4.045915305614471436e-01
7.315839529037475586e-01 5.458072423934936523e-01 5.038921833038330078e-01
7.311124801635742188e-01 7.372499704360961914e-01 4.705076217651367188e-01
7.191312909126281738e-01 8.067077398300170898e-01 4.394160211086273193e-01
7.216314673423767090e-01 8.411015868186950684e-01 4.255944192409515381e-01
