3.920242190361022949e-01 2.991330623626708984e-01 5.253949761390686035e-01
5.000000000000000000e-01 5.000000000000000000e-01 5.000000000000000000e-01
3.690218329429626465e-01 4.087080657482147217e-01 5.596849918365478516e-01
3.649615347385406494e-01 5.650221705436706543e-01 5.625000000000000000e-01
3.100892305374145508e-01 7.180147767066955566e-01 5.084199905395507812e-01
3.127112984657287598e-01 8.097091913223266602e-01 4.875200092792510986e-01
5.676223635673522949e-01 6.637768745422363281e-01 5.328149795532226562e-01
6.526936888694763184e-01 8.158679008483886719e-01 5.055450201034545898e-01
6.745801568031311035e-01 8.993870019912719727e-01 4.919100105762481689e-01
6.955903172492980957e-01 9.777879118919372559e-01 4.795149862766265869e-01
5.980293154716491699e-01 6.161293387413024902e-01 4.826149940490722656e-01
7.207723855972290039e-01 7.569298744201660156e-01 4.329150021076202393e-01
7.809059619903564453e-01 8.476442098617553711e-01 4.039250016212463379e-01
8.151972293853759766e-01 9.136747717857360840e-01 3.832199871540069580e-01
6.114133000373840332e-01 5.643885731697082520e-01 4.434100091457366943e-01
7.301440834999084473e-01 6.741424202919006348e-01 3.855549991130828857e-01
7.739288210868835449e-01 7.394709587097167969e-01 3.559550046920776367e-01
8.158348202705383301e-01 8.003318905830383301e-01 3.290449976921081543e-01
6.073498129844665527e-01 4.811991751194000244e-01 4.013099968433380127e-01
6.716383695602416992e-01 5.372938513755798340e-01 3.392049968242645264e-01
7.021968364715576172e-01 5.682017207145690918e-01 3.106699883937835693e-01
7.303360700607299805e-01 5.957992076873779297e-01 2.854950129985809326e-01
