5.451522469520568848e-01 2.559856474399566650e-01 6.075900197029113770e-01
5.000000000000000000e-01 5.000000000000000000e-01 5.000000000000000000e-01
4.398729801177978516e-01 3.162785470485687256e-01 5.583699941635131836e-01
3.417530655860900879e-01 4.145205318927764893e-01 4.462749958038330078e-01
1.981496959924697876e-01 5.202292203903198242e-01 3.264650106430053711e-01
1.437761336565017700e-01 5.945275425910949707e-01 2.758400142192840576e-01
3.581742942333221436e-01 6.517651081085205078e-01 3.991200029850006104e-01
2.462124675512313843e-01 8.390877842903137207e-01 3.092350065708160400e-01
1.937055885791778564e-01 9.295625090599060059e-01 2.642900049686431885e-01
1.460683345794677734e-01 1.011774659156799316e+00 2.234349995851516724e-01
4.736394882202148438e-01 6.398207545280456543e-01 4.330849945545196533e-01
4.349473118782043457e-01 8.489241600036621094e-01 3.519699871540069580e-01
4.160882830619812012e-01 9.689044952392578125e-01 3.046500086784362793e-01
4.122891128063201904e-01 1.047722697257995605e+00 2.708550095558166504e-01
5.714172720909118652e-01 6.146857738494873047e-01 4.683449864387512207e-01
5.816675424575805664e-01 8.070917725563049316e-01 4.067650139331817627e-01
5.911175012588500977e-01 9.032356142997741699e-01 3.752599954605102539e-01
6.078773736953735352e-01 9.856473207473754883e-01 3.466199934482574463e-01
6.920488476753234863e-01 5.569089651107788086e-01 5.234599709510803223e-01
7.508842349052429199e-01 6.941136717796325684e-01 4.804050028324127197e-01
8.094924688339233398e-01 7.150382995605468750e-01 4.606249928474426270e-01
8.568474650382995605e-01 7.365267872810363770e-01 4.431700110435485840e-01
