5.610226988792419434e-01 2.682306766510009766e-01 5.491182208061218262e-01
5.009855031967163086e-01 5.004840493202209473e-01 5.012145638465881348e-01
4.641987383365631104e-01 3.096065819263458252e-01 5.503283739089965820e-01
3.013885915279388428e-01 4.311989545822143555e-01 5.170919895172119141e-01
1.501950025558471680e-01 5.520193576812744141e-01 4.658261239528656006e-01
9.180217236280441284e-02 6.459620594978332520e-01 4.442411959171295166e-01
3.416310250759124756e-01 6.830467581748962402e-01 4.747817516326904297e-01
2.188433706760406494e-01 8.531396985054016113e-01 4.063199162483215332e-01
1.692274808883666992e-01 9.427479505538940430e-01 3.755861818790435791e-01
1.456395834684371948e-01 9.736530184745788574e-01 3.745295703411102295e-01
4.469199180603027344e-01 6.979089975357055664e-01 4.612131416797637939e-01
3.259799778461456299e-01 9.286645054817199707e-01 3.873878419399261475e-01
2.633604109287261963e-01 9.960644841194152832e-01 3.395084440708160400e-01
2.444961965084075928e-01 9.970683455467224121e-01 3.301205337047576904e-01
5.391034483909606934e-01 6.890327930450439453e-01 4.548985660076141357e-01
4.389253556728363037e-01 9.045230150222778320e-01 3.891872465610504150e-01
3.917512893676757812e-01 9.855071306228637695e-01 3.548702001571655273e-01
3.706974685192108154e-01 9.947481751441955566e-01 3.415803909301757812e-01
6.554118990898132324e-01 6.388856172561645508e-01 4.575911164283752441e-01
5.869853496551513672e-01 8.235197663307189941e-01 3.963239192962646484e-01
5.506074428558349609e-01 8.957486152648925781e-01 3.653199374675750732e-01
5.368612408638000488e-01 9.357601404190063477e-01 3.493788242340087891e-01
