4.934852123260498047e-01 2.875732183456420898e-01 6.218984723091125488e-01
5.011718869209289551e-01 5.005770325660705566e-01 5.013433694839477539e-01
5.132226347923278809e-01 3.850866258144378662e-01 6.466468572616577148e-01
4.805864691734313965e-01 5.506663322448730469e-01 6.373121142387390137e-01
4.720945656299591064e-01 7.031652927398681641e-01 6.355489492416381836e-01
4.721220433712005615e-01 8.040281534194946289e-01 6.179331541061401367e-01
5.406543016433715820e-01 7.551061511039733887e-01 4.491926133632659912e-01
3.978723287582397461e-01 9.125683903694152832e-01 3.493014872074127197e-01
3.142074644565582275e-01 9.782307147979736328e-01 3.108045160770416260e-01
2.658745944499969482e-01 9.918929338455200195e-01 3.052820265293121338e-01
5.073973536491394043e-01 7.079236507415771484e-01 3.788462877273559570e-01
2.592884004116058350e-01 7.962164282798767090e-01 2.403305768966674805e-01
1.912544071674346924e-01 7.371764779090881348e-01 2.615303397178649902e-01
2.018038481473922729e-01 6.713675856590270996e-01 3.088039159774780273e-01
4.830794930458068848e-01 6.486247181892395020e-01 3.345912396907806396e-01
2.430347800254821777e-01 7.023987174034118652e-01 2.196050435304641724e-01
1.752232164144515991e-01 6.417802572250366211e-01 2.363890111446380615e-01
1.771731525659561157e-01 5.773988962173461914e-01 2.827845811843872070e-01
4.557583034038543701e-01 5.438327193260192871e-01 3.030568063259124756e-01
2.383157014846801758e-01 6.521123647689819336e-01 2.127686887979507446e-01
1.960092484951019287e-01 6.294872164726257324e-01 2.278807163238525391e-01
1.989996582269668579e-01 5.950462222099304199e-01 2.607396841049194336e-01
