5.821657776832580566e-01 2.523364424705505371e-01 5.540000200271606445e-01
5.000000000000000000e-01 5.000000000000000000e-01 5.000000000000000000e-01
5.403451919555664062e-01 3.014560639858245850e-01 6.201099753379821777e-01
4.740850925445556641e-01 4.239536523818969727e-01 6.747400164604187012e-01
4.290480911731719971e-01 5.233253240585327148e-01 7.168899774551391602e-01
4.319433867931365967e-01 6.074643731117248535e-01 7.329850196838378906e-01
4.396917521953582764e-01 7.084041833877563477e-01 5.494449734687805176e-01
3.905621469020843506e-01 9.175020456314086914e-01 5.035600066184997559e-01
2.987404465675354004e-01 9.405956268310546875e-01 4.806199967861175537e-01
2.065563052892684937e-01 9.538830518722534180e-01 4.597649872303009033e-01
4.409351944923400879e-01 7.440822720527648926e-01 4.485700130462646484e-01
3.930484950542449951e-01 1.001443028450012207e+00 3.491550087928771973e-01
2.562440037727355957e-01 1.059785842895507812e+00 2.911599874496459961e-01
2.007847428321838379e-01 1.081397533416748047e+00 3.111650049686431885e-01
4.467757940292358398e-01 7.573203444480895996e-01 3.713249862194061279e-01
3.546346426010131836e-01 9.693003296852111816e-01 3.350700139999389648e-01
2.758428454399108887e-01 1.062412381172180176e+00 3.165149986743927002e-01
1.896111965179443359e-01 1.126803398132324219e+00 2.996549904346466064e-01
4.656550586223602295e-01 7.408581376075744629e-01 2.918150126934051514e-01
3.535746037960052490e-01 9.134156107902526855e-01 2.249400019645690918e-01
2.967293858528137207e-01 9.903465509414672852e-01 1.942149996757507324e-01
2.202260941267013550e-01 1.011731505393981934e+00 1.670999974012374878e-01
