5.392994284629821777e-01 2.275317013263702393e-01 5.505499839782714844e-01
5.000000000000000000e-01 5.000000000000000000e-01 5.000000000000000000e-01
4.180974960327148438e-01 3.147868514060974121e-01 5.204300284385681152e-01
2.977746427059173584e-01 4.928491413593292236e-01 4.303100109100341797e-01
1.819694489240646362e-01 6.362633109092712402e-01 3.421800136566162109e-01
1.398513019084930420e-01 7.416102290153503418e-01 2.792800068855285645e-01
3.280704617500305176e-01 7.453153729438781738e-01 4.314900040626525879e-01
3.286053538322448730e-01 9.479110240936279297e-01 4.028449952602386475e-01
3.250113427639007568e-01 1.012491941452026367e+00 3.885200023651123047e-01
3.456481993198394775e-01 1.069381833076477051e+00 3.844549953937530518e-01
4.613181948661804199e-01 7.254922389984130859e-01 4.525600075721740723e-01
3.972836136817932129e-01 7.898344993591308594e-01 3.685249984264373779e-01
3.426989018917083740e-01 7.488351464271545410e-01 3.195050060749053955e-01
3.808481991291046143e-01 6.439608335494995117e-01 3.670000135898590088e-01
5.764511227607727051e-01 6.917613744735717773e-01 4.735450148582458496e-01
4.962354898452758789e-01 7.066283822059631348e-01 3.897899985313415527e-01
4.457096457481384277e-01 6.281220912933349609e-01 3.469400107860565186e-01
4.797269105911254883e-01 5.580458045005798340e-01 3.956049978733062744e-01
7.229082584381103516e-01 6.176520586013793945e-01 5.054050087928771973e-01
6.075010895729064941e-01 6.518247723579406738e-01 4.282900094985961914e-01
5.217680931091308594e-01 6.127842664718627930e-01 3.928549885749816895e-01
5.466604828834533691e-01 5.715451836585998535e-01 4.264700114727020264e-01
