5.039841532707214355e-01 3.199491202831268311e-01 6.305500268936157227e-01
5.000000000000000000e-01 5.000000000000000000e-01 5.000000000000000000e-01
5.473394989967346191e-01 3.834716379642486572e-01 6.710600256919860840e-01
4.932029843330383301e-01 4.904088973999023438e-01 6.439800262451171875e-01
5.005862712860107422e-01 6.360781192779541016e-01 6.279199719429016113e-01
5.343912839889526367e-01 7.574506998062133789e-01 5.841249823570251465e-01
5.779592394828796387e-01 7.122703790664672852e-01 4.742250144481658936e-01
3.997597098350524902e-01 8.742883801460266113e-01 3.940849900245666504e-01
3.112320601940155029e-01 9.548625349998474121e-01 3.544900119304656982e-01
2.309600263833999634e-01 1.027933716773986816e+00 3.186149895191192627e-01
5.219039916992187500e-01 6.861004829406738281e-01 3.868100047111511230e-01
2.293267399072647095e-01 8.001916408538818359e-01 2.471099942922592163e-01
1.767764538526535034e-01 7.122117280960083008e-01 2.634299993515014648e-01
2.229520231485366821e-01 6.355028748512268066e-01 3.186750113964080811e-01
4.734250903129577637e-01 6.434615254402160645e-01 3.275449872016906738e-01
1.805398017168045044e-01 7.614236474037170410e-01 1.740150004625320435e-01
1.424828320741653442e-01 6.785861849784851074e-01 1.865549981594085693e-01
1.815799176692962646e-01 5.765648484230041504e-01 2.528750002384185791e-01
4.125747382640838623e-01 5.560631752014160156e-01 2.808600068092346191e-01
2.171510010957717896e-01 6.727182865142822266e-01 2.068399935960769653e-01
1.950981318950653076e-01 6.617388129234313965e-01 2.171549946069717407e-01
2.007901817560195923e-01 6.567802429199218750e-01 2.472050040960311890e-01
