6.025322675704956055e-01 2.478144913911819458e-01 5.664132833480834961e-01
5.004511475563049316e-01 5.001072287559509277e-01 5.005858540534973145e-01
4.526715278625488281e-01 3.094661831855773926e-01 5.114834308624267578e-01
2.726372778415679932e-01 4.123738110065460205e-01 4.019436836242675781e-01
1.050411686301231384e-01 5.162419676780700684e-01 2.861426174640655518e-01
5.121142789721488953e-02 5.991753935813903809e-01 2.350163012742996216e-01
2.508098781108856201e-01 6.980376839637756348e-01 3.982025682926177979e-01
1.766110956668853760e-01 8.864857554435729980e-01 3.078324198722839355e-01
1.555231958627700806e-01 9.671584367752075195e-01 2.681033015251159668e-01
1.571748256683349609e-01 9.855456948280334473e-01 2.631798386573791504e-01
4.033623039722442627e-01 6.841989159584045410e-01 4.527858793735504150e-01
3.782374858856201172e-01 8.239942789077758789e-01 3.627820611000061035e-01
4.194986224174499512e-01 7.724089026451110840e-01 3.626296222209930420e-01
4.718349874019622803e-01 6.834213733673095703e-01 4.119905829429626465e-01
5.472114682197570801e-01 6.504539251327514648e-01 5.074075460433959961e-01
5.298556089401245117e-01 7.246664762496948242e-01 4.069499373435974121e-01
5.734551548957824707e-01 6.498969793319702148e-01 4.174998700618743896e-01
6.312275528907775879e-01 5.569316744804382324e-01 4.682866632938385010e-01
7.348572015762329102e-01 5.712099075317382812e-01 5.797583460807800293e-01
6.833200454711914062e-01 5.944561958312988281e-01 4.901090860366821289e-01
6.917909979820251465e-01 5.370706319808959961e-01 4.901982545852661133e-01
7.100995182991027832e-01 4.773274064064025879e-01 5.172140002250671387e-01
