5.050308704376220703e-01 6.056503653526306152e-01 5.615803599357604980e-01
5.015347599983215332e-01 5.007070899009704590e-01 5.017285943031311035e-01
5.612404942512512207e-01 5.998712182044982910e-01 5.251178145408630371e-01
6.013818383216857910e-01 5.696532726287841797e-01 4.525457918643951416e-01
6.215103268623352051e-01 5.833800435066223145e-01 3.556415438652038574e-01
6.169257760047912598e-01 5.736913084983825684e-01 2.952613830566406250e-01
5.762136578559875488e-01 4.288990199565887451e-01 4.163318872451782227e-01
4.511620700359344482e-01 4.440333545207977295e-01 2.644594311714172363e-01
3.945099115371704102e-01 5.123235583305358887e-01 2.001182138919830322e-01
3.716875314712524414e-01 5.569426417350769043e-01 1.893933862447738647e-01
4.995601475238800049e-01 3.860105276107788086e-01 4.481077790260314941e-01
3.454450070858001709e-01 3.650766015052795410e-01 3.531307876110076904e-01
2.795381844043731689e-01 4.358645975589752197e-01 3.250954151153564453e-01
2.584539651870727539e-01 4.779908657073974609e-01 3.425109982490539551e-01
4.388425946235656738e-01 3.622713088989257812e-01 4.812593162059783936e-01
2.727884054183959961e-01 3.619243800640106201e-01 4.057736098766326904e-01
2.014843225479125977e-01 4.095214009284973145e-01 3.982951045036315918e-01
1.767170280218124390e-01 4.452852606773376465e-01 4.184833168983459473e-01
3.718798160552978516e-01 3.532759249210357666e-01 5.322174429893493652e-01
2.649618983268737793e-01 3.972040414810180664e-01 4.726074337959289551e-01
2.562238872051239014e-01 3.959378898143768311e-01 5.228346586227416992e-01
2.760682702064514160e-01 3.927553892135620117e-01 5.752587318420410156e-01
