5.750331282615661621e-01 2.671972513198852539e-01 5.454900264739990234e-01
5.000000000000000000e-01 5.000000000000000000e-01 5.000000000000000000e-01
4.887146651744842529e-01 3.037483990192413330e-01 5.519149899482727051e-01
3.265859782695770264e-01 4.085693359375000000e-01 5.151399970054626465e-01
1.837989091873168945e-01 5.006865262985229492e-01 4.701600074768066406e-01
1.019524484872817993e-01 5.698182582855224609e-01 4.210700094699859619e-01
3.588083088397979736e-01 6.700259447097778320e-01 4.842999875545501709e-01
2.360003143548965454e-01 8.361704349517822266e-01 4.330199956893920898e-01
1.595094203948974609e-01 9.084128737449645996e-01 4.073800146579742432e-01
8.466906100511550903e-02 9.719350934028625488e-01 3.840749859809875488e-01
4.414118230342864990e-01 6.914948225021362305e-01 4.629800021648406982e-01
3.305391967296600342e-01 8.897233605384826660e-01 3.961949944496154785e-01
2.533635199069976807e-01 9.982901215553283691e-01 3.572399914264678955e-01
1.951055824756622314e-01 1.074182391166687012e+00 3.294099867343902588e-01
5.149244666099548340e-01 6.967308521270751953e-01 4.486249983310699463e-01
4.351238906383514404e-01 8.926476240158081055e-01 3.811700046062469482e-01
3.808445930480957031e-01 9.847050905227661133e-01 3.466550111770629883e-01
3.304634988307952881e-01 1.070526719093322754e+00 3.152799904346466064e-01
6.125185489654541016e-01 6.706787347793579102e-01 4.375649988651275635e-01
5.604250431060791016e-01 8.364051580429077148e-01 3.818500041961669922e-01
5.352686047554016113e-01 9.109239578247070312e-01 3.562499880790710449e-01
5.046075582504272461e-01 9.653317928314208984e-01 3.336600065231323242e-01
