4.073737561702728271e-01 3.165938854217529297e-01 5.435856580734252930e-01
5.008398294448852539e-01 5.002562403678894043e-01 5.009063482284545898e-01
3.846716880798339844e-01 4.050563573837280273e-01 5.600565075874328613e-01
3.397552073001861572e-01 6.017419695854187012e-01 5.494885444641113281e-01
2.722611725330352783e-01 7.611843943595886230e-01 5.364223718643188477e-01
2.511218190193176270e-01 8.488954305648803711e-01 5.344551801681518555e-01
5.516729354858398438e-01 6.932245492935180664e-01 5.024008154869079590e-01
6.604961752891540527e-01 8.784763216972351074e-01 4.814667701721191406e-01
7.038686871528625488e-01 9.578040838241577148e-01 4.851630628108978271e-01
7.356986403465270996e-01 9.794158935546875000e-01 4.968800246715545654e-01
6.019021272659301758e-01 6.267120838165283203e-01 4.704916477203369141e-01
7.530683875083923340e-01 8.704310059547424316e-01 4.147866964340209961e-01
8.028702735900878906e-01 9.364032149314880371e-01 4.041261076927185059e-01
8.146935701370239258e-01 9.051137566566467285e-01 4.239602386951446533e-01
6.400106549263000488e-01 5.542952418327331543e-01 4.499209225177764893e-01
7.768450975418090820e-01 7.315982580184936523e-01 3.809870481491088867e-01
8.158776164054870605e-01 7.574944496154785156e-01 3.640326261520385742e-01
8.218535184860229492e-01 7.357758283615112305e-01 3.699501454830169678e-01
6.713338494300842285e-01 4.401512145996093750e-01 4.363171756267547607e-01
7.482567429542541504e-01 5.682824850082397461e-01 3.641109466552734375e-01
7.618639469146728516e-01 5.829637050628662109e-01 3.412890136241912842e-01
7.593148350715637207e-01 5.612075328826904297e-01 3.375168740749359131e-01
