6.111733317375183105e-01 2.545032799243927002e-01 5.480099916458129883e-01
5.000000000000000000e-01 5.000000000000000000e-01 5.000000000000000000e-01
4.731581509113311768e-01 2.940905988216400146e-01 4.979049861431121826e-01
3.182786703109741211e-01 4.081277549266815186e-01 3.799949884414672852e-01
1.415996551513671875e-01 5.052511692047119141e-01 2.589350044727325439e-01
2.308501489460468292e-02 5.849002599716186523e-01 2.015649974346160889e-01
2.648106217384338379e-01 6.604053974151611328e-01 4.079099893569946289e-01
8.517364412546157837e-02 8.632959127426147461e-01 3.089550137519836426e-01
5.589533597230911255e-02 9.328602552413940430e-01 3.247500061988830566e-01
2.665336057543754578e-02 1.001144289970397949e+00 3.391099870204925537e-01
4.053217172622680664e-01 6.760478019714355469e-01 4.619350135326385498e-01
4.271628260612487793e-01 7.440803050994873047e-01 3.769299983978271484e-01
4.449452757835388184e-01 7.852120399475097656e-01 3.275499939918518066e-01
4.615135192871093750e-01 7.302871346473693848e-01 2.922750115394592285e-01
5.390309095382690430e-01 6.641573309898376465e-01 5.113949775695800781e-01
5.551332831382751465e-01 7.158418297767639160e-01 4.126999974250793457e-01
5.630604624748229980e-01 6.825984716415405273e-01 3.622049987316131592e-01
6.061391234397888184e-01 5.584364533424377441e-01 4.039100110530853271e-01
7.174534797668457031e-01 6.108863353729248047e-01 5.772050023078918457e-01
6.963494420051574707e-01 6.220119595527648926e-01 4.903399944305419922e-01
6.731873750686645508e-01 5.624383091926574707e-01 4.504300057888031006e-01
7.011281847953796387e-01 4.858420789241790771e-01 4.790599942207336426e-01
