6.045603752136230469e-01 2.354256659746170044e-01 6.444848775863647461e-01
5.014776587486267090e-01 5.006240010261535645e-01 5.015848875045776367e-01
5.543980002403259277e-01 3.107811212539672852e-01 6.724790930747985840e-01
3.795771300792694092e-01 3.636665046215057373e-01 6.506626605987548828e-01
2.089410722255706787e-01 4.295190870761871338e-01 6.235654950141906738e-01
1.222404465079307556e-01 5.076919794082641602e-01 5.811296701431274414e-01
3.585873544216156006e-01 7.945433855056762695e-01 4.329847395420074463e-01
1.138545572757720947e-01 9.312419295310974121e-01 3.254083693027496338e-01
2.883210778236389160e-02 9.890742897987365723e-01 2.745451331138610840e-01
8.806817233562469482e-03 9.975605010986328125e-01 2.503688633441925049e-01
3.788928687572479248e-01 7.922523617744445801e-01 3.460429310798645020e-01
8.290411531925201416e-02 8.604586720466613770e-01 1.785541623830795288e-01
2.738593704998493195e-02 8.106734156608581543e-01 1.254752874374389648e-01
2.719026058912277222e-02 7.518997192382812500e-01 1.328865587711334229e-01
4.013537466526031494e-01 7.734140157699584961e-01 2.926189303398132324e-01
1.303115934133529663e-01 8.022361397743225098e-01 1.678281128406524658e-01
8.116791397333145142e-02 7.039110660552978516e-01 1.684975773096084595e-01
8.568413555622100830e-02 6.149653196334838867e-01 1.968682855367660522e-01
4.416274726390838623e-01 7.173283100128173828e-01 2.543999552726745605e-01
1.922386139631271362e-01 7.336415052413940430e-01 1.644585281610488892e-01
1.807264238595962524e-01 6.449185609817504883e-01 1.951502412557601929e-01
2.132168412208557129e-01 5.706747174263000488e-01 2.429262846708297729e-01
