5.210568308830261230e-01 6.832379102706909180e-01 5.568400025367736816e-01
5.000000000000000000e-01 5.000000000000000000e-01 5.000000000000000000e-01
5.808723568916320801e-01 6.669290065765380859e-01 5.133649706840515137e-01
6.194454431533813477e-01 5.701867341995239258e-01 4.431349933147430420e-01
6.355896592140197754e-01 4.816095829010009766e-01 3.802349865436553955e-01
6.122338175773620605e-01 4.374104738235473633e-01 3.294900059700012207e-01
5.568992495536804199e-01 4.229431748390197754e-01 4.204550087451934814e-01
4.459878504276275635e-01 4.661479890346527100e-01 3.246099948883056641e-01
3.922348022460937500e-01 5.031970739364624023e-01 2.766900062561035156e-01
3.455065786838531494e-01 5.485526919364929199e-01 2.335200011730194092e-01
4.852262139320373535e-01 3.932122290134429932e-01 4.608750045299530029e-01
3.664252460002899170e-01 4.246374964714050293e-01 3.744249939918518066e-01
2.888458669185638428e-01 4.567426145076751709e-01 3.239949941635131836e-01
2.812415063381195068e-01 4.313271343708038330e-01 3.622049987316131592e-01
4.263551533222198486e-01 3.805420398712158203e-01 4.985699951648712158e-01
2.867366969585418701e-01 4.172773063182830811e-01 4.099699854850769043e-01
2.102613896131515503e-01 4.402539134025573730e-01 3.646450042724609375e-01
1.359503269195556641e-01 4.635312259197235107e-01 3.234350085258483887e-01
3.566342294216156006e-01 3.881748020648956299e-01 5.508450269699096680e-01
2.602270245552062988e-01 4.232201278209686279e-01 4.689149856567382812e-01
2.573784291744232178e-01 4.440531432628631592e-01 5.264049768447875977e-01
2.536065876483917236e-01 4.650600552558898926e-01 5.775300264358520508e-01
