5.553262829780578613e-01 2.849075496196746826e-01 5.642840862274169922e-01
5.008935332298278809e-01 5.002362728118896484e-01 5.010506510734558105e-01
4.368743002414703369e-01 3.410851955413818359e-01 5.187259316444396973e-01
3.123630285263061523e-01 4.531571567058563232e-01 4.355829954147338867e-01
1.674053966999053955e-01 5.657142400741577148e-01 3.378913700580596924e-01
1.099375262856483459e-01 6.457365751266479492e-01 2.999299168586730957e-01
3.142258226871490479e-01 6.693443059921264648e-01 4.083761572837829590e-01
2.271508872509002686e-01 8.548877239227294922e-01 2.927086949348449707e-01
1.931743919849395752e-01 9.558429718017578125e-01 2.343777418136596680e-01
1.838127225637435913e-01 9.835538864135742188e-01 2.133962810039520264e-01
4.553935527801513672e-01 6.491215229034423828e-01 4.500699937343597412e-01
4.433318972587585449e-01 8.881342411041259766e-01 3.565335273742675781e-01
4.420544505119323730e-01 9.922667145729064941e-01 2.896462082862854004e-01
4.453532695770263672e-01 9.946486353874206543e-01 2.752086818218231201e-01
5.760946869850158691e-01 6.085005402565002441e-01 4.927236437797546387e-01
5.891281962394714355e-01 8.066803812980651855e-01 4.060595929622650146e-01
6.134055256843566895e-01 9.298478960990905762e-01 3.740858137607574463e-01
6.292060017585754395e-01 9.786670207977294922e-01 3.569969236850738525e-01
7.246303558349609375e-01 5.265793204307556152e-01 5.542084574699401855e-01
7.662097215652465820e-01 6.542879939079284668e-01 4.863409996032714844e-01
8.001952767372131348e-01 6.927392482757568359e-01 4.766062796115875244e-01
8.261405229568481445e-01 7.181608676910400391e-01 4.776662886142730713e-01
