4.444825947284698486e-01 3.293631374835968018e-01 5.135650038719177246e-01
5.000000000000000000e-01 5.000000000000000000e-01 5.000000000000000000e-01
3.832809329032897949e-01 3.534597158432006836e-01 5.123500227928161621e-01
2.768769860267639160e-01 4.616605937480926514e-01 4.658150076866149902e-01
1.349123120307922363e-01 6.088576912879943848e-01 3.972049951553344727e-01
9.977515786886215210e-02 6.958561539649963379e-01 3.964299857616424561e-01
4.215140938758850098e-01 7.040101289749145508e-01 4.898200035095214844e-01
3.314611017704010010e-01 8.177978396415710449e-01 4.489350020885467529e-01
2.859432101249694824e-01 8.641070723533630371e-01 4.284949898719787598e-01
2.444090396165847778e-01 8.997376561164855957e-01 4.099099934101104736e-01
5.314549803733825684e-01 6.895124316215515137e-01 4.873949885368347168e-01
4.938165843486785889e-01 8.907255530357360840e-01 4.411950111389160156e-01
4.718780219554901123e-01 1.010492324829101562e+00 4.142450094223022461e-01
4.562158286571502686e-01 1.097188591957092285e+00 3.949950039386749268e-01
6.217961907386779785e-01 6.588782072067260742e-01 4.866249859333038330e-01
5.534875392913818359e-01 8.613228201866149902e-01 4.437800049781799316e-01
5.153110027313232422e-01 9.604183435440063477e-01 4.218550026416778564e-01
4.800530076026916504e-01 1.050293087959289551e+00 4.019300043582916260e-01
7.266047596931457520e-01 5.878285169601440430e-01 4.879199862480163574e-01
7.171784639358520508e-01 7.600173950195312500e-01 4.481450021266937256e-01
7.128115296363830566e-01 8.389280438423156738e-01 4.298700094223022461e-01
6.911078691482543945e-01 8.865727782249450684e-01 4.137449860572814941e-01
