5.250864028930664062e-01 2.572068870067596436e-01 5.631948113441467285e-01
5.015048384666442871e-01 5.009745359420776367e-01 5.017506480216979980e-01
5.018306970596313477e-01 3.098117113113403320e-01 6.190068721771240234e-01
4.485298395156860352e-01 4.401361048221588135e-01 6.630218625068664551e-01
4.038623869419097900e-01 5.671795010566711426e-01 6.965859532356262207e-01
3.862178325653076172e-01 6.725488901138305664e-01 7.106207013130187988e-01
4.655286371707916260e-01 7.337808012962341309e-01 5.312325358390808105e-01
3.508691489696502686e-01 9.020003676414489746e-01 4.869232177734375000e-01
2.859183251857757568e-01 9.659897685050964355e-01 4.763763248920440674e-01
2.451510727405548096e-01 9.854573607444763184e-01 4.837547838687896729e-01
4.782876074314117432e-01 7.511185407638549805e-01 4.395045936107635498e-01
3.419415652751922607e-01 9.708798527717590332e-01 3.657182455062866211e-01
2.632297873497009277e-01 9.991706609725952148e-01 3.342153728008270264e-01
2.330667078495025635e-01 9.989123344421386719e-01 3.241898119449615479e-01
4.934586882591247559e-01 7.467365264892578125e-01 3.717613518238067627e-01
3.714732229709625244e-01 9.499798417091369629e-01 3.039721250534057617e-01
3.009402751922607422e-01 9.943465590476989746e-01 2.695368528366088867e-01
2.662067115306854248e-01 9.966478943824768066e-01 2.526356875896453857e-01
5.097400546073913574e-01 7.038811445236206055e-01 3.066644370555877686e-01
3.706323504447937012e-01 8.822813034057617188e-01 2.440103143453598022e-01
2.970824539661407471e-01 9.422052502632141113e-01 2.123853117227554321e-01
2.498932927846908569e-01 9.709489941596984863e-01 1.923622041940689087e-01
