5.332620739936828613e-01 2.361544668674468994e-01 5.626316070556640625e-01
5.006130933761596680e-01 5.002803802490234375e-01 5.007500648498535156e-01
4.026416242122650146e-01 3.344539701938629150e-01 5.241036415100097656e-01
2.834662199020385742e-01 5.179249644279479980e-01 4.329988062381744385e-01
1.475622802972793579e-01 6.973340511322021484e-01 3.303791582584381104e-01
1.004322245717048645e-01 8.072106242179870605e-01 2.846955657005310059e-01
3.192114830017089844e-01 7.815195322036743164e-01 4.112891852855682373e-01
3.070878982543945312e-01 9.514650702476501465e-01 3.694868981838226318e-01
3.264687359333038330e-01 9.953032732009887695e-01 3.731898069381713867e-01
3.564884960651397705e-01 9.992135763168334961e-01 3.967328369617462158e-01
4.686972200870513916e-01 7.410313487052917480e-01 4.435227215290069580e-01
3.741377890110015869e-01 8.393670320510864258e-01 3.412556946277618408e-01
3.462094068527221680e-01 7.523537278175354004e-01 3.419873118400573730e-01
3.810073733329772949e-01 6.583362817764282227e-01 3.956849575042724609e-01
5.981105566024780273e-01 6.851603388786315918e-01 4.757201373577117920e-01
5.017397999763488770e-01 7.274684309959411621e-01 3.710263073444366455e-01
4.772579371929168701e-01 6.193475723266601562e-01 3.787526786327362061e-01
5.103410482406616211e-01 4.999174475669860840e-01 4.418377578258514404e-01
7.514442801475524902e-01 5.738583207130432129e-01 5.266442894935607910e-01
6.346692442893981934e-01 6.386860013008117676e-01 4.284777045249938965e-01
5.880734920501708984e-01 5.984203815460205078e-01 4.215670824050903320e-01
5.901199579238891602e-01 5.374960899353027344e-01 4.478619396686553955e-01
